-0.37679 0.76441 0.4089 -0.95546 -1.2566 -1.3301 0.45761 -0.54874 0.25832 -1.0012 -0.04006 -0.40452 -2.5093 -0.020484 1.4614 -0.52811 0.044794 -0.77871 -0.86718 -1.256 1.014 -1.8054 0.031614 -0.53222 -0.26596 0.2668 -0.12864 -0.069202 0.68146 -0.25743 -0.7145 -0.83003 -0.36381 -0.90828 1.3278 -0.47174 -1.2124 0.45142 1.1627 0.017105 -1.0883 0.96241 0.050821 0.080635 0.13286 0.91784 0.40704 -1.4262 0.35258 0.87083 
-0.26668 -0.30342 -1.2459 -0.32138 0.4847 -0.51001 0.49533 0.001643 0.34949 -0.80771 -0.091442 -0.005934 -3.4001 0.19406 0.66985 0.4412 0.16701 -0.65746 0.81624 -0.4936 -0.1281 0.62262 0.24348 -0.36106 -0.027284 -1.0055 -0.66727 0.28561 0.54071 -0.24145 -0.048604 -0.40494 0.33283 -0.49399 -0.2685 -0.49937 -0.61318 -0.41966 -0.7878 -1.0711 -1.0221 -0.92689 -0.0035014 -0.4739 0.42933 1.3282 1.2251 1.0163 -0.3 -0.70402 
-0.83661 -0.61439 0.54208 -1.2994 0.17814 -0.017768 1.2501 -0.59009 0.28792 -0.37527 -0.80691 0.23681 -3.4861 0.70479 0.56565 -0.11672 -0.25795 -0.14947 -0.67554 0.040863 1.176 -1.3036 0.0015331 -0.75921 0.64736 -0.13864 -0.73338 0.50401 -0.009436 -1.0036 0.15397 -0.26864 -0.012282 -0.30469 -0.095208 -0.63656 0.12637 1.1892 0.41832 0.82581 -1.2712 0.19939 0.30949 0.31825 0.42986 1.1608 0.33702 0.14636 0.2524 0.99964 
-1.0208 -0.28175 -0.22934 0.11002 -0.96976 -0.26697 0.56254 0.26599 -0.029159 -0.025689 -0.24081 0.64787 -3.3277 0.079892 0.29503 0.84505 -0.090206 -0.67575 0.45149 -0.59244 -0.19828 0.40165 0.18987 0.001572 0.1651 0.4278 -0.23203 0.024309 0.67595 -0.24829 0.20404 0.25598 -0.16737 -0.26888 -0.76176 -0.37577 0.064469 -0.14818 0.15168 0.03196 -1.0274 -0.9216 -0.11109 0.30431 0.86973 1.1077 0.37905 -0.21947 0.45263 0.057402 
0.092588 -0.16393 -0.76846 0.078681 -0.36847 0.43307 0.55232 -0.16339 0.30202 0.09852 0.43627 0.92143 -3.2902 0.14495 -0.60022 -0.97692 -0.48034 -0.53468 0.83509 -0.17983 -0.54863 -0.018841 -0.15329 -0.7836 -0.4129 -0.1882 -1.2823 -0.20625 0.00090122 -0.45742 0.19124 0.1786 0.28097 0.18801 -0.25567 0.27406 -0.037563 -1.1126 -0.14192 0.32271 -0.0015639 -0.52077 -0.58229 0.29033 0.26816 1.2496 -0.029763 0.52005 0.082607 1.0303 
-0.92306 -0.47699 -0.85726 -0.2621 0.033059 0.15687 -0.043649 -0.3089 1.4494 -0.88145 0.69674 0.22449 -2.3706 0.33502 0.25498 -1.021 -0.68136 -0.51361 0.47108 -0.13585 0.52472 -0.48308 0.32811 -0.071665 -0.14271 0.77571 -1.6049 0.63758 -0.46918 -0.33314 0.42067 0.74086 0.65853 0.92161 0.20688 -0.5892 0.30494 0.33193 0.16114 -0.24105 0.59013 0.15621 0.38998 -0.43682 0.19476 1.0147 -0.14809 0.35047 0.90296 1.0254 
-0.1159 0.030133 -0.021395 0.094792 1.0602 -0.61577 1.439 -0.29573 0.17254 -0.18467 0.1731 -0.11178 -4.1348 0.24477 -0.60846 -0.11342 0.42891 0.5549 -0.10592 0.74932 -1.0773 0.016833 -0.31715 -0.22679 -0.3697 0.019218 0.051102 -0.3394 0.91805 0.013937 0.67885 -0.27693 -0.28058 -0.33946 0.00091307 -0.12795 0.29518 -0.15673 0.86349 -0.98752 -0.71965 0.31754 0.17341 0.38907 0.91231 0.17269 -0.23208 -0.59572 -1.0663 -0.36694 
-0.33132 -0.24269 0.42733 -1.1752 0.24034 -0.44616 0.34807 -0.24119 -0.019464 -0.44956 1.3169 -0.063277 -3.0507 -0.21974 0.93988 -0.17216 0.06632 0.70234 0.0076548 -0.98493 0.2016 -0.56683 -0.2129 -0.99002 0.20228 0.096552 -0.8005 0.21547 0.38792 0.0080091 0.13225 -0.51565 0.72693 -0.71079 0.69534 0.41838 -0.16194 0.43886 1.4022 0.17078 -0.30271 0.76017 0.081767 -0.17657 -0.24059 0.59227 -0.099764 -0.057106 0.94288 0.88113 
0.68581 -0.50185 0.53221 0.33068 1.0683 -0.62248 0.10246 -0.98312 0.21753 -0.96825 0.52163 0.26309 -2.3907 0.7524 1.3262 -0.055372 -0.80068 0.26574 0.30812 -0.56131 0.095255 -1.2568 -0.72769 -0.54929 -0.43802 0.82257 -1.6332 0.6592 0.40558 0.1616 0.31251 0.030053 0.37986 -0.24993 0.87471 -0.42899 -0.27053 0.78379 0.48331 -0.01284 1.1498 0.88326 -0.36533 -0.61172 -0.7051 0.57532 0.28754 0.94312 -0.188 1.0505 
-0.74232 -0.05941 -0.61635 0.014437 -0.063411 -0.22969 0.32178 -0.16727 0.76159 -0.22889 0.86062 1.2145 -3.6555 0.72908 0.8958 -0.13585 -0.61577 -0.71808 -0.13154 0.77941 -0.095974 -1.1031 0.35103 -0.4976 -0.90584 0.46338 -1.6684 0.87279 -0.41567 -0.62329 -0.33512 0.091065 0.56547 0.49021 1.262 0.37653 -0.17849 0.29278 0.1126 -0.2325 0.19967 1.2773 -0.76711 -0.55254 -0.5797 -0.022221 -0.12541 1.0186 -0.21554 0.62148 
-0.27626 -0.51634 0.36377 -0.69545 0.21751 -1.0033 0.88191 -0.18006 -0.44405 -0.58894 1.4728 -0.37612 -2.8975 0.41515 0.50944 -0.69355 0.65908 0.68283 -0.071349 1.0223 0.65939 -0.32529 -0.19019 -0.28396 0.5569 0.038701 -1.0023 1.0943 0.30682 -0.31425 0.80481 -0.32896 0.3055 -0.046275 -0.66687 -0.35525 0.60999 -0.41972 -0.10181 0.33171 -0.53994 -0.29899 -0.17042 0.53829 0.84106 0.80339 0.17337 -0.3408 0.66036 -0.36937 
-0.38646 -0.34356 -0.3038 -0.22574 -0.83226 -0.50343 0.55678 0.15743 0.08837 0.14789 -0.1646 0.66234 -3.7069 -0.18796 0.00025459 0.51017 0.3029 -1.1149 0.32269 -0.23953 -0.64404 0.27223 0.24307 -0.2737 -0.11198 0.4251 -0.92354 0.23444 0.53379 0.22733 -0.51808 0.32424 0.39646 -0.5574 -0.49668 -0.061077 0.23813 -0.33908 0.3155 -0.36068 -1.2946 -0.15165 -0.89922 0.40949 0.63683 1.1439 0.72612 0.24406 -0.3179 -0.60281 
-0.52001 -0.90509 0.97728 -0.33514 0.14064 -0.45062 0.57423 -1.3258 -0.018652 -0.90991 -0.069909 0.28204 -0.25065 0.25324 0.85676 -0.49153 0.22405 0.31153 0.66327 0.14265 -0.075684 -0.71682 -0.38713 -1.1309 -0.075939 1.0987 -1.1173 0.82674 -0.33317 -0.20634 0.039624 -0.37385 0.62759 -0.54499 0.87507 0.0083163 0.60325 1.0173 0.54355 0.11587 0.70508 -0.17717 0.10652 0.22139 -0.57624 1.3086 -0.18789 0.33718 -0.21529 -0.15858 
-0.78741 -0.83772 0.16754 0.47654 -0.31568 0.39803 0.85988 -0.81892 -0.33286 0.087051 0.56426 0.17509 -3.0221 -0.031685 -0.72466 -0.30068 -0.24247 0.41999 0.81449 -0.64453 0.051487 -1.4607 -0.004938 -0.14505 -0.10468 0.51599 -1.167 1.1315 -0.56154 0.88942 0.093554 0.28922 0.89778 0.27253 0.29829 -0.81326 -1.0372 0.95026 0.66808 1.2161 -0.39157 -0.40116 0.53252 0.19332 -1.0735 1.2518 -0.035388 -0.32621 -0.24313 1.2935 
0.65572 0.50502 -0.64935 0.14142 -0.73858 -0.060631 0.5229 -1.4541 0.79533 -0.05805 0.6463 0.57013 -3.7753 -0.2414 -0.16999 -0.57056 0.45857 0.53634 -0.45337 -0.13149 -0.94989 0.063493 0.47575 0.34153 -1.2699 -0.0061569 -0.47168 -0.68425 -0.31045 0.5198 -0.3573 -0.97569 -0.37267 -1.3218 0.27268 -0.72485 0.46634 0.40591 0.17259 -0.61372 -0.39455 1.406 -1.3402 0.21337 0.30572 -0.043278 -0.019297 0.62462 -0.78825 0.29806 
-0.94143 -0.90849 0.21587 -0.15219 0.57051 -0.21613 0.14459 -0.86443 0.49487 -0.42589 -0.70417 0.82991 -2.0203 0.55137 0.50396 -0.20299 0.17997 0.35551 0.73316 -0.13379 0.38304 -0.3193 0.39891 -1.1048 0.21065 -0.42242 -0.52176 0.89538 0.5248 -0.68569 0.88206 -0.043484 0.84855 -0.8067 -0.39419 -0.42457 -0.23232 0.70189 -0.28768 0.79377 -0.7717 -0.54901 0.010845 -0.034141 -0.32335 0.23308 0.23016 0.18352 0.46135 0.47391 
-0.106 -0.27809 -0.068622 0.0028296 -0.27522 -0.24949 0.27289 0.62315 0.35028 0.44473 -0.091536 0.65202 -2.7041 -0.16053 0.86885 0.42 0.89476 -1.3665 0.42728 0.10488 -0.19858 0.23462 -0.22561 0.39842 -0.099701 1.303 -0.22647 -0.034555 0.049402 0.35296 -0.034725 0.88947 0.47419 -0.65158 -0.66575 0.20345 -0.53959 -0.14628 0.25455 -0.17079 -1.0195 -0.62265 -1.2086 -0.38238 0.44 1.1816 0.56376 0.43842 0.15356 0.31482 
-0.86208 0.68948 1.1726 -0.025365 0.30979 0.4334 1.9209 0.844 -0.58771 -0.37915 -0.39186 0.45496 -3.3472 0.2314 -0.43099 -0.58755 -0.14098 -0.98934 -0.54396 -0.27518 0.23602 -0.16865 0.27092 0.16878 0.71976 0.53303 -0.73533 0.41194 -0.16859 -0.41486 -0.1202 -0.0062061 -0.13818 -0.38567 0.25735 0.19581 0.19918 -0.26929 0.61618 0.21122 -0.24614 0.054276 -0.92097 0.6711 0.13972 0.67168 0.035495 0.74601 -0.19499 -0.26241 
-0.32538 -0.32445 -0.49074 -0.70731 -0.61267 -0.53143 0.49369 0.25313 -0.19132 -0.4573 -0.38428 0.97144 -4.2376 -0.39954 0.46864 0.61591 0.14492 -1.2449 0.14534 -0.5073 -0.42109 0.58748 0.49906 -0.20719 0.26784 0.59813 -0.59354 0.45339 0.49441 0.08239 -0.44238 0.26892 -0.023738 -0.17423 -0.74823 0.18656 0.078524 -0.24285 -0.19756 -0.49863 -1.0753 0.18612 -0.87087 0.44196 0.815 1.0486 1.2306 0.32016 -0.28743 -0.10879 
-0.14505 1.4454 0.3927 -0.99414 -0.11682 -0.12363 0.48207 -0.68421 0.49575 -0.74988 0.037154 -1.4209 -2.135 -0.32822 1.383 0.41941 0.65625 0.31626 0.70027 -0.74325 0.39882 0.010745 0.58211 -0.47651 0.7515 0.59747 -1.2107 1.0329 0.25989 1.2695 -0.99583 -0.45697 0.85831 -0.25768 0.70457 0.32583 -1.0656 0.70773 0.49894 0.53819 -0.67104 -0.76001 0.13805 0.43946 -0.90558 0.053878 -0.20347 -0.13321 -0.55793 2.5746 
0.50872 -0.38282 -0.044877 -0.75255 -0.27488 -0.40294 -0.97787 -0.81376 -0.45728 -0.82504 0.074128 1.2122 -1.7037 0.18616 0.031426 0.3872 0.76459 1.0567 -0.068992 0.31112 0.80929 0.22323 0.0077547 -0.15928 0.77641 0.021335 0.18266 -0.51179 -0.50605 -0.43811 0.41905 1.0715 0.80333 -1.0131 0.90736 -0.80288 -0.47484 0.15726 0.65024 -0.70606 -1.0433 -0.67 -0.020513 -0.81085 0.089065 0.88295 0.57271 0.39459 0.78587 0.93829 
-0.45812 0.044572 0.034479 -0.64244 -0.16374 0.29733 0.72006 0.057193 0.31754 -0.73163 0.86959 0.34813 -4.2004 -0.18595 0.7147 0.16394 0.26939 0.039315 0.12135 -0.38661 -0.5761 -0.020412 -0.10457 -0.75705 0.39743 -0.40628 -0.5133 0.8329 0.10962 1.0491 -0.1962 0.31212 -0.30439 0.45533 0.34282 -0.10449 -0.43258 -0.1372 -0.09073 0.089551 -0.4738 0.16461 -0.21987 0.33768 0.4057 0.95162 0.32698 -0.23159 -0.048839 0.50422 
-0.27446 -0.29333 -0.31569 -0.66112 0.40902 -0.0061563 -0.31134 -0.023807 0.093693 0.18619 -0.3879 0.46961 -3.6302 0.30579 0.34297 0.20492 0.49754 -1.1457 0.71369 -0.67035 -0.40961 0.20658 0.76426 -0.303 -0.04006 0.44592 -0.89702 0.18472 0.59897 -0.69378 0.19547 0.52193 -0.54479 0.011027 -0.51055 0.091117 0.17928 -0.19866 0.76442 0.12201 -0.47632 -0.84726 -0.42782 -0.3388 0.82115 1.0323 0.912 0.3532 0.011933 0.88829 
-0.0081474 0.28401 0.43288 0.090935 0.35555 -0.12601 0.82824 0.10998 1.0151 -0.82284 0.15739 0.0080441 -2.7016 0.29275 0.41994 0.032233 -1.2268 -0.76488 -0.19373 -0.065708 0.073454 -0.38547 0.42037 -0.84633 0.26352 -0.091594 -0.75736 -0.2096 0.21318 -0.65649 0.50181 0.063492 1.0632 -0.28637 0.80908 -0.3177 -0.41842 0.54893 0.062577 0.53181 0.81709 -0.19792 0.1831 -0.33911 0.40943 0.57776 0.14712 0.026244 0.71778 1.1164 
-0.7965 -0.66283 0.5609 1.1979 -0.041641 -0.7898 0.97629 -0.73377 -0.22274 -0.55348 0.00098059 0.47911 -3.235 0.16206 -0.71547 1.1017 -0.78334 -0.4775 0.62062 -0.095579 -0.51632 -0.53673 -0.63058 -0.080137 0.16298 0.19432 -0.88505 0.659 0.81755 -0.9362 0.45254 0.31313 -0.31643 -0.16487 -0.53151 -0.63873 -0.41565 0.64543 0.55382 0.39281 0.063176 -0.69288 -0.34848 0.067666 0.31149 0.31908 0.59874 -0.808 -0.14155 0.9468 
0.53388 0.21165 -0.48212 -0.40654 0.65392 0.25645 0.20976 -0.59299 0.62526 -0.23482 -0.75269 -0.83146 -4.4987 0.38783 0.23071 0.55148 0.39248 -1.1757 -0.054579 -0.24656 -0.78745 -0.49225 -0.099253 0.59801 0.37703 0.89307 -0.0065153 0.03938 0.72454 -1.3082 -0.51102 -0.2486 -1.1301 0.30733 -0.073573 -0.54794 0.15695 0.24145 0.49339 0.28274 -1.0343 0.069498 -0.84504 -0.72234 1.1333 0.6455 0.94636 0.18677 -0.6566 0.64749 
0.27783 0.022203 0.44302 -0.52157 -0.31011 -0.15692 0.21954 0.66322 0.27156 -0.80996 0.53198 -0.41933 -3.032 0.39679 0.42704 -0.94355 -0.33419 0.24981 0.92074 0.4975 -0.098847 -0.59936 -0.24662 -0.69806 -0.071866 -0.57444 -0.19589 0.69227 -0.63946 -0.077689 -0.15605 0.16552 -0.15322 -0.84405 -0.23729 0.54035 0.39505 -0.46509 -0.63955 -0.58067 -1.2615 -0.12464 0.17502 0.66657 0.61855 0.451 0.0012583 -0.33447 -0.28782 -0.3815 
-0.89199 -0.95099 -0.14099 -0.4348 -0.70677 -0.51308 0.047532 -0.49223 -0.60282 -0.35231 1.2156 -0.23468 -2.1098 -0.51469 -0.20131 -0.083845 0.52795 0.42647 0.76252 0.098095 -0.29908 0.3179 0.054874 -0.62003 0.28345 0.57173 -0.32499 0.7198 -0.26947 0.23804 0.095459 0.6092 -0.0074695 -0.22137 -0.58318 -0.095638 -0.73222 -0.022975 0.5774 0.66774 -0.064235 -0.75214 0.1163 0.49802 0.44006 0.47163 -0.21445 -0.48658 -0.24295 0.84874 
-0.30096 -0.60645 0.60405 -0.29095 0.79093 -0.11414 0.3882 -0.50833 0.09019 -0.75343 -0.12233 0.45219 -3.3546 0.56259 0.25014 0.1834 0.44943 0.092964 0.40606 -0.13907 -0.085379 -1.132 -0.60429 -0.25201 0.20558 0.025014 -0.82588 0.22358 0.95837 -0.22907 0.75012 -0.020574 -0.11571 -0.32267 -0.29478 -0.4445 0.05889 0.25962 1.0747 0.76864 -0.77744 0.31047 -0.7804 0.024433 0.7098 1.4926 0.62308 -0.38317 0.23241 0.31412 
-0.66172 -0.79099 0.26032 -0.37302 -0.38009 -0.1457 -0.38123 -0.42696 0.73215 -1.3592 0.17234 -0.37128 -0.80381 0.36459 1.0232 -0.16444 0.75498 0.91172 1.1143 -0.34113 0.92393 -0.43391 0.20396 -1.105 0.090716 -0.067209 -0.85046 1.0472 0.19547 0.052315 0.47747 0.14278 -0.48855 -1.0562 -0.21666 -0.53561 -0.13085 0.26044 0.9716 0.97389 0.47752 -1.3443 -0.41266 -0.44794 0.11458 0.56227 -0.0057412 -0.23447 -0.0069205 1.5259 
0.046096 -1.4659 0.12216 -0.17776 0.31411 0.68005 -0.39035 0.22865 0.37392 -0.20292 -0.025359 0.56648 -3.2403 0.40256 -0.10763 -0.093525 0.11142 -0.065315 0.67799 -0.62144 -0.40938 -0.033905 0.42829 -0.001412 0.16151 0.62407 -1.0915 0.91763 -0.22051 0.43586 0.67028 0.75799 0.25892 -0.17309 -0.85026 -0.053786 -0.52503 0.6341 1.11 0.86268 0.10673 0.19591 -0.44482 -0.02536 0.33925 0.76471 0.9849 0.3988 0.40367 1.0163 
-0.23767 -0.56133 0.25777 -0.071442 -0.24882 -0.38834 0.11151 -0.80155 0.46053 -0.93529 0.13617 -0.50213 -2.3438 -0.010649 0.9755 -0.1725 0.052742 0.54603 0.37923 -0.13075 0.86269 -0.074002 -0.61945 -1.1707 0.60361 -0.39696 -0.95483 0.48602 0.38486 -0.093699 0.38194 -0.1111 0.40627 -0.14359 -0.28976 -0.8567 -0.36196 0.52651 0.64222 -0.069432 0.1538 -0.11336 1.0501 -0.0066841 0.30381 1.4235 0.45977 -0.73171 1.2173 0.91543 
-0.3422 -0.28569 -0.19906 -0.58467 0.29464 -0.23802 0.27141 0.29655 0.18126 -0.42061 0.40621 0.60017 -3.0635 0.5614 0.24886 -0.074 -0.17673 -1.2457 0.31854 -0.16701 0.48354 0.36767 0.49918 -0.4578 0.10113 1.0036 -0.85618 0.54838 0.36576 -1.0152 0.77585 0.42142 0.7689 0.90748 0.27207 0.14238 0.019782 -0.26353 0.046459 -0.49363 0.85346 -0.16967 -0.57562 0.43585 0.32126 0.76375 0.69082 0.99978 0.37493 0.34366 
-0.24931 -0.017997 0.3467 -0.28226 0.2464 -0.18513 0.89445 0.18333 0.3719 -0.64368 -0.32906 0.010806 -4.5183 0.03934 0.65498 -0.26866 -0.3935 -0.05011 -0.5797 -0.08505 -0.30754 -0.76538 -0.69788 0.072511 0.55679 -0.18473 -0.35809 -0.071114 -0.055188 -0.24791 -0.17752 0.13255 -0.56076 -0.22401 -0.48632 0.19611 0.0045544 0.54094 0.18769 0.0058024 -0.85171 1.2624 -0.53137 0.13322 0.8089 0.52552 0.78555 -0.33639 0.054207 0.39651 
-0.68283 -0.95088 0.59976 -1.4837 -0.15342 0.025023 0.74067 -0.85913 -0.11896 -0.36413 -0.0033976 0.47542 -3.464 0.20959 1.1236 0.10631 0.42489 0.55174 0.029764 0.13299 1.7528 -0.86823 -0.11288 -0.95454 0.20925 -0.015146 -0.32554 0.70088 0.10057 0.064191 0.36694 0.00059645 -0.12703 -0.27041 -0.48947 -0.61369 0.22969 1.7604 0.8522 0.18067 -0.37283 -0.62821 0.33557 -0.020149 -0.075651 1.2538 0.08484 -0.36309 0.37708 1.1212 
-0.57742 -1.7041 0.076303 0.20435 -0.013385 0.18092 -0.032053 -0.74729 0.73583 -0.52639 -0.33881 0.66117 -2.79 -0.37187 0.28879 0.12743 0.60026 0.44463 1.2142 0.44141 -0.12717 -0.22475 0.83397 -0.64392 -0.040877 0.58251 -1.0569 -0.086291 0.44674 0.10377 0.58185 0.43151 0.11037 -0.63559 0.02824 -0.28954 0.060158 0.3567 1.2634 0.82296 -0.15066 -0.32719 -0.31654 -0.30318 0.48898 0.68799 0.35247 -0.4402 0.45552 1.0103 
0.57706 0.3324 -0.75121 -0.012445 0.78837 -0.001903 0.24069 -1.026 1.1977 -0.007097 0.3455 0.3348 -3.0394 0.27715 0.21359 -0.30332 0.80434 0.49656 0.28357 -0.16156 -0.18555 -0.40111 0.14406 -0.6436 -0.55164 -0.18968 -0.76195 -0.10885 0.28357 0.97586 0.54168 0.35162 0.29727 -0.94296 1.0399 -0.51097 0.22394 0.0038899 0.45049 -0.20827 -0.34804 -0.40327 0.40467 0.021072 -0.10379 0.99213 -0.53934 -0.11178 0.31413 0.57654 
0.51885 0.080174 -0.36105 -0.0065008 -0.3134 0.30423 0.24865 0.25017 1.0774 -1.661 -0.89437 -0.3943 -3.0957 0.81121 1.3413 0.10932 -1.0995 -0.35239 0.31411 -0.38832 -0.44936 0.45943 0.048832 -0.73171 -0.085899 0.9785 -0.36577 0.39534 0.40501 0.31052 -0.064998 -0.37512 0.14064 -0.097897 1.6837 -0.32584 -0.14293 0.44244 0.20532 -1.8247 0.34004 -0.22758 0.61052 -0.32427 0.63404 0.17465 0.32896 0.1417 0.39812 0.015869 
-1.4074 -0.50131 -0.2576 0.59729 -0.51025 0.52206 1.0894 -0.45399 -0.74346 -0.2541 -0.062232 0.2748 -3.3825 0.045198 -0.48609 -0.051281 -0.1954 0.41798 0.65992 -0.42881 0.20777 -0.22073 -0.42925 -0.038741 -0.095349 -0.20158 -0.95196 0.077563 0.21664 0.48677 0.70757 -0.32912 0.61031 -0.55158 0.40416 0.48174 -0.19524 0.021613 0.71735 0.4102 -1.0724 -0.55967 0.20585 0.86399 -0.29166 1.2016 -0.34387 -0.69275 0.044969 1.034 
-0.5769 -0.88333 -0.25659 -1.0855 0.27503 0.61013 0.50987 -0.83778 0.25379 -0.5991 -0.2713 0.61082 -3.4569 0.52581 0.6343 -0.14314 0.57445 0.57812 0.37388 0.0609 0.4838 -0.57242 0.17872 -1.1872 0.35994 0.078517 -0.75333 0.40786 0.54607 0.18672 0.49999 0.23659 0.79674 -0.25334 -0.088331 0.055107 0.421 0.4409 0.47084 0.2281 -0.42581 -0.3598 -0.65565 -0.17539 0.29778 0.77648 0.014344 0.23057 0.18986 1.4221 
-0.16948 0.28736 -0.52356 -0.11854 -0.5267 0.18376 1.6128 -1.4036 -0.63835 -0.9468 -0.6149 -0.3887 -1.1108 0.78784 -0.41733 0.18079 0.66138 0.14266 0.10613 0.023139 -0.69914 -0.3993 0.26499 -0.1131 0.51167 1.5055 -0.18842 0.80481 -0.67114 0.37551 0.040928 -0.086296 0.7843 -0.50388 -0.81042 0.36464 -0.21761 0.25092 0.095697 0.7545 0.554 0.0757 -0.16717 -0.6025 0.30212 1.181 0.23392 -0.053035 -0.57498 0.63935 
-1.2575 -0.65852 0.50984 -0.28473 -0.12438 0.42359 1.1187 -0.019165 0.086078 -0.00136 -0.1505 0.036152 -3.4693 -0.15835 0.48091 -0.4712 0.18431 0.62235 0.27748 -0.45821 1.0062 -0.58781 0.13154 -0.43148 0.34387 0.02841 -0.62687 0.54423 -0.094572 -0.10775 -0.47027 0.049767 -0.33838 -0.21737 0.45045 -0.23636 0.042703 -0.071624 0.87884 0.20672 -0.32878 -0.70877 -0.41971 -0.6321 -1.0246 0.85263 0.39462 0.28187 0.13063 0.94598 
0.49911 -0.00021265 -0.58659 0.67655 -0.27053 0.059571 1.0419 -0.32418 -1.2334 0.76899 -0.60774 -0.23367 -5.0144 -0.47993 -0.18047 1.2122 0.58184 -0.23163 0.44095 -0.78311 0.81535 0.24291 0.116 0.27174 0.17833 0.88942 -0.053413 -0.55337 -0.43357 0.099577 -0.57753 -0.20945 0.36874 -0.010805 0.28748 0.6564 0.26668 -0.19679 0.17826 -0.86031 -0.78501 0.69782 0.29521 -0.085901 -0.033236 -0.27671 1.0468 0.28727 -0.60295 -0.057618 
-0.91129 0.53408 -0.28343 -0.49613 -1.1735 -0.36355 0.79017 -0.58652 1.0849 -0.42711 0.21432 -0.17919 -3.3738 0.39163 0.81602 0.47411 -0.65635 -0.076267 -0.57938 -0.60261 0.34472 -0.7539 0.20249 -0.55353 -0.5915 0.14109 -1.2333 -0.22141 -0.23468 0.16903 -0.60303 0.060854 0.45324 -0.3588 0.7478 0.6901 -0.054619 0.15389 0.18935 -0.84056 0.22153 0.089916 -0.21205 -0.18069 0.079713 0.88802 -0.10543 0.03733 0.34172 1.5506 
-0.072935 -0.29189 -0.71242 0.26116 0.098044 0.56046 -0.37898 -0.31796 0.44708 -0.64769 0.065251 0.25853 -2.8771 0.77931 0.35757 -0.03989 -0.024751 -0.16355 1.4356 -0.53335 -0.59407 -0.09732 -0.34407 -0.034261 -0.39468 0.45941 -1.1654 0.93251 0.72479 0.19249 0.785 0.058238 -0.18549 0.30882 -0.46899 -0.81281 -0.26966 0.14014 0.36919 0.17906 0.75434 -0.45711 -0.98757 -0.16766 0.34779 0.85495 0.23034 0.54308 -0.30142 0.8042 
0.54993 0.85282 -0.37886 -0.56165 -0.74946 -0.50147 0.46592 0.031673 1.1031 -0.4413 -0.11252 -0.40663 -3.8941 -0.093195 1.4564 0.0049503 -0.56802 -0.70333 0.1077 -0.81344 0.17032 -0.73847 0.037666 -1.448 0.15766 -0.19351 -0.37414 0.74315 -0.56309 0.80587 0.2423 -0.25058 -0.39396 0.44437 0.98817 0.32066 -1.0383 0.96992 0.25329 -1.9966 0.34142 0.23612 -0.1767 0.84805 0.12283 0.58375 0.18162 0.033052 0.64535 0.17173 
0.79027 1.1351 0.55641 -0.51434 -0.034554 -0.12318 0.069278 -0.45685 0.77378 -1.0536 0.11456 -1.3456 -2.6418 0.4513 0.46044 -0.016005 -0.96423 -0.35643 0.36256 -0.90195 -0.30037 -0.68122 -0.53073 -0.21515 1.1505 0.68502 -0.056051 0.78924 -1.0727 0.73779 1.0395 0.09211 0.36264 -0.037968 1.721 -0.28686 -0.74765 0.2818 -0.12614 -1.2485 0.11087 -0.40941 -0.17147 0.19638 0.66664 1.118 0.26558 -0.053318 0.23743 0.2123 
-0.50643 -0.43191 -0.13081 -0.94933 1.0001 -0.36656 0.19183 -0.17025 0.74407 -1.2412 -0.39224 0.61017 -1.4662 -0.28486 1.0684 -0.88232 -0.14182 0.8332 0.035006 -0.28324 0.6785 0.20117 0.32106 -1.1913 -0.10936 0.60448 -0.8683 0.18347 0.059259 0.057248 0.052309 0.10178 1.0741 -0.37253 0.71879 0.1685 0.16066 0.42354 1.0607 -0.69037 0.87606 0.42599 -0.52375 -0.87419 -0.86413 1.0043 0.39203 0.74065 0.61236 1.0273 
-1.3241 -0.2163 0.24953 0.45636 0.14469 -0.093371 1.1753 -0.059061 0.45799 0.32957 0.12886 0.51125 -2.6465 0.21936 -0.44535 0.067028 0.40724 -0.31193 0.72784 -0.22835 -0.23756 -0.26538 -0.028567 -0.18787 0.33698 0.36744 -0.9171 0.6079 0.81746 -0.29714 0.22244 0.20046 0.29102 -0.91052 0.23553 -0.47246 -0.37996 -0.093987 0.71376 0.8728 -0.90077 -1.3271 -0.69401 -0.68686 0.045245 0.96771 -0.24893 -0.25344 0.36738 0.84725 
-0.36762 -0.36772 0.74239 0.55167 0.32375 -0.090299 1.3672 -1.0566 -0.95911 0.61994 -0.057871 -0.27408 -2.5023 -0.092141 -0.75299 0.38905 0.5552 0.74583 0.49212 -0.35822 -0.42783 -0.57828 -0.12415 0.27918 -0.2044 0.65582 -0.273 0.57305 0.32052 0.98249 0.34576 -0.82066 0.37029 -0.82642 0.16677 0.33333 -0.4491 0.49137 0.67575 -0.15177 0.93931 0.08479 -0.11669 0.13211 -0.60253 0.62546 0.28807 0.40027 0.058584 -0.064535 
-0.30217 -0.42024 -0.097847 -1.4532 0.36682 -0.050775 0.9229 -0.071074 0.084014 -0.59043 0.6093 0.063814 -4.0249 -0.11057 0.63665 -0.37788 0.17749 0.22231 -0.43995 -0.042331 0.31444 -0.51442 -0.16529 -0.56156 0.25801 0.066377 -0.84675 -0.011681 0.067846 0.2869 0.53946 -0.17498 0.66223 0.16092 0.74025 0.55741 -0.27912 0.44887 0.65026 -0.057536 -0.70569 0.83356 0.20888 -0.11511 0.0085318 0.73241 -0.17073 -0.1277 0.95753 0.9423 
-0.48363 -0.25192 1.3497 -0.36849 0.39936 0.30878 0.33429 -0.35234 0.30576 -0.40844 -0.11629 0.28047 -3.1693 -0.32102 0.0062496 -0.31287 -0.97478 -0.42822 0.46953 0.77695 0.074028 -0.33037 0.47703 0.28825 0.014052 0.30171 -0.70137 0.69597 0.05443 -0.20383 -0.074009 0.12369 -0.030964 -0.16655 0.38015 -0.02904 0.21189 0.22013 -0.1323 0.40534 0.01869 -0.29146 -0.57171 0.3327 -0.44452 0.47711 0.21211 -0.81477 -0.12626 0.77729 
-0.29097 0.03003 0.33076 -1.1544 -0.20422 0.95254 1.214 0.65292 -0.037912 -0.42921 0.34718 0.59746 -3.986 0.59153 -0.45419 -0.023515 0.19259 -0.84053 -0.1618 -0.47096 -0.18919 -0.23653 0.093178 -0.047532 -0.49026 0.28853 -0.41508 -0.0076343 -0.63167 0.38763 -0.18011 -0.0045905 0.64163 -0.11776 0.60014 0.12699 -0.23359 0.13016 0.38045 -0.23494 -0.41654 0.6277 -0.27935 -0.027747 0.72527 -0.027518 -0.19866 0.46036 0.057464 -0.0080679 
-0.8755 -0.92807 0.58371 -0.20938 0.44818 -0.0015869 -0.26453 -0.6084 -0.034474 0.10582 0.3673 0.50463 -2.9212 0.24459 -0.26131 0.0031093 0.27658 0.081415 0.50417 -0.43626 0.073069 -0.011124 0.40683 -0.44136 0.24749 -0.14566 -1.184 1.072 -0.21565 -0.31682 0.48358 0.14908 0.41337 0.035037 -0.036817 -0.58397 0.089063 0.58938 0.65949 0.82261 -0.32838 -0.21238 -0.19612 0.3035 0.26978 0.82395 0.64301 0.47938 0.7712 0.93564 
0.16311 -0.18208 -0.54437 -0.1735 -0.2203 -0.58638 1.0932 0.016041 0.079896 0.23142 0.79152 0.25404 -3.7122 -0.79768 0.087924 0.41656 -0.40708 -0.28748 0.48368 -0.96723 -0.44636 -0.18498 -0.28195 -0.39871 -0.33928 0.731 0.98986 -0.21533 0.032187 0.089552 0.4264 -0.030601 0.2616 -0.45918 1.6384 0.22469 0.15106 0.29883 0.23304 0.023315 -0.49347 -0.44048 1.0709 -0.20174 0.6347 -0.068226 -0.32352 -0.36901 0.25051 0.0962 
-0.29429 -0.83824 0.60943 -0.099721 -0.40577 0.29672 0.69415 -0.53039 0.27936 -0.068769 0.52997 -0.072209 -3.4575 -0.058698 -0.34561 -0.55817 -0.10706 0.99904 0.078869 -0.66114 -0.26986 -1.3077 0.42566 -0.57606 -0.23584 -0.13741 -0.52756 0.37269 -0.09809 0.33697 -0.10594 -0.33115 0.24249 -0.24122 0.53675 0.13049 0.14159 -0.26598 -0.20508 0.81406 -1.0482 -0.10348 -0.33137 0.55246 -0.48997 0.93663 -0.02819 -0.23734 -0.1749 0.54952 
-0.08699 -0.45447 0.14928 -0.47663 -0.59401 0.38815 1.206 -0.17261 0.47066 -0.51734 0.60717 0.064113 -4.1263 0.56532 -0.13484 0.53096 0.09005 -0.080356 -0.21452 0.099255 0.23109 -0.63138 0.59053 -0.19791 0.37096 0.23627 -0.86614 1.0027 0.11733 0.30953 -0.051325 0.26645 0.751 -0.10737 -0.33749 -0.19011 -1.1573 0.5557 0.37962 0.88505 -0.9328 -0.44663 -0.059529 0.13247 0.34081 0.91799 -0.23473 -0.041642 -0.4174 1.516 
1.1729 0.1282 0.48911 -1.0303 0.039457 0.8488 0.92616 0.71588 -0.10244 0.19772 0.13681 0.38554 -3.2301 0.9375 0.3759 -0.55762 -0.36316 -0.36032 -0.18102 -0.11543 0.46627 0.41121 1.1711 -1.0818 -0.21622 0.64473 0.30808 -0.31467 -0.39919 -0.97613 -0.13513 -1.2893 0.79371 -0.36982 0.96229 -0.42689 0.50986 -0.19801 0.55824 1.0566 -0.74545 -0.12645 0.2685 0.41414 0.5856 0.31017 0.40485 -0.0047343 0.040148 -0.19144 
1.2923 -0.41428 -0.042378 -0.87471 0.52714 0.68149 0.83575 0.36138 0.074763 -0.5348 0.34343 0.32118 -3.5516 1.0247 0.52456 -0.19047 0.10537 0.034326 0.52061 0.27509 0.086753 -0.30167 0.89089 -0.8949 -0.51281 0.33688 0.25859 0.30332 -0.73342 -0.5911 0.18063 -0.91299 -0.44922 -0.20983 1.1386 -0.62502 0.55991 -0.083818 0.55127 0.11603 -0.75616 0.5239 0.56024 0.29373 0.57778 0.19437 0.57171 -0.10825 -0.33904 -0.7395 
-0.53158 -0.674 1.1163 0.14967 0.20681 -0.95295 -0.12598 -0.10917 0.30871 -0.33762 1.0065 0.44299 -2.2873 0.20861 0.72439 0.74419 -0.33884 0.61431 0.33652 -0.54771 0.20444 -0.056035 -0.70914 -0.93909 0.52323 0.61154 -1.0084 0.24376 0.086453 0.098176 1.0227 -0.03196 -0.41782 -1.3326 0.74863 0.53398 -0.047866 0.25186 0.072068 -0.20405 0.69111 -0.94262 -0.099249 0.16857 -0.24321 1.3148 0.53491 0.014212 0.80117 -0.44742 
-0.071442 -0.15206 0.33541 -0.92662 0.85575 0.051771 0.86542 -0.095484 0.24518 -0.39887 0.11032 0.51657 -3.6734 -0.21823 0.76454 -0.40578 -0.48662 0.32901 0.026959 -0.095701 0.1693 -1.1455 -0.041865 -1.0119 0.41049 -0.27549 -0.60265 -0.1031 -0.58103 -0.43836 0.43893 -0.24899 -0.13081 0.004003 0.46562 0.44059 0.042291 0.43988 0.89212 -0.62697 -0.85777 0.34593 -0.47273 0.038107 0.02603 0.68349 0.25586 0.18893 0.22263 0.52067 
-0.75573 -0.52828 0.30743 0.019539 -0.4222 0.70299 0.88589 -0.087006 0.04506 0.14268 -0.24302 -0.43885 -3.7228 0.47387 -0.64369 -0.1077 0.19679 0.14414 0.15064 -0.45653 -0.056864 -0.69653 -0.34455 0.077462 0.31113 -0.070471 -0.42413 0.37894 0.036579 0.50443 0.32109 0.43442 0.19472 0.024113 0.7275 -0.21284 -0.49747 0.77904 0.51753 0.9235 -1.1371 0.024046 -0.19874 0.90253 0.076821 0.93196 -0.045672 -0.75582 -0.15585 0.95909 
-1.0532 -0.79326 0.96004 -0.62866 0.2146 0.062995 1.6176 -0.91575 -0.024578 -0.37051 -0.19439 0.042875 -2.3823 0.45347 -0.0037567 0.10653 0.19767 0.4653 -0.17272 -0.15664 0.73646 -1.3452 -0.63723 -0.83369 0.52737 -0.16259 -1.1046 1.2663 0.22033 -0.025998 -0.092577 -0.023226 0.44193 -0.40217 0.50354 -0.12988 0.3313 0.5212 0.86456 0.85328 -1.1042 -0.45162 0.30747 -0.087279 -0.55736 1.6839 -0.28502 -0.56322 0.17079 0.96866 
-0.27359 0.13908 -0.68565 -0.98185 0.26193 0.58572 0.84706 -0.73469 0.88735 -0.23552 -1.0537 0.52655 -2.121 0.3309 0.12318 -0.43935 -0.19772 -0.062788 0.31386 0.1192 0.20887 -0.19922 0.77224 -1.0195 0.31806 -0.75639 -0.17809 1.0034 -0.1649 -0.68589 0.60042 -0.52073 0.66198 -0.69244 0.37781 -0.25996 0.66225 -0.22434 -0.078854 0.60523 -0.58471 0.22795 -0.45587 0.56559 0.51933 0.93876 -0.30358 0.8773 -0.050109 0.84299 
0.26081 0.14398 0.47906 -0.49491 -0.34521 0.12014 0.66297 0.17002 -0.051458 -0.53663 -1.3569 0.44008 -1.8085 1.4058 0.76307 0.062989 -0.29251 -1.0642 0.57689 -0.39955 0.90216 0.33714 1.1226 -0.23548 -0.40035 1.6051 -1.1527 1.0892 -0.5537 -0.11222 0.40434 -0.23029 1.1887 0.49204 0.35227 -1.1934 0.67559 0.35918 0.18265 0.72035 0.87588 -0.60003 -0.37115 0.54919 -0.62436 -0.068786 0.17956 1.2855 -0.1634 -0.53058 
-0.59134 -0.59245 0.034136 0.20013 0.74041 -1.0569 1.4425 -0.34767 0.66441 -0.044398 0.1028 0.18806 -2.8505 0.24454 -0.49909 0.27998 0.028667 0.18582 -0.36023 -0.85252 -0.18065 1.1566 0.21951 -0.32179 0.5137 0.28707 -0.61843 0.30357 -0.20155 -0.56102 -0.64034 -0.06136 0.072453 -1.6016 0.47662 -0.26621 0.019878 -0.26499 -0.23629 0.22843 -0.90923 -0.3836 -0.045972 0.21966 0.39529 -0.44221 0.70392 0.095513 0.17812 -0.34207 
0.074458 -0.14395 -0.24961 -1.0187 -0.15335 0.27138 0.46119 -0.1303 -0.14677 -0.20295 -0.28639 0.34267 -2.8064 0.04729 0.64734 -0.57118 0.40076 0.021629 0.38717 0.048437 0.39514 0.25335 -0.69435 -1.1933 0.31755 -0.47563 -0.82933 -0.24262 0.3899 0.12326 0.72627 -0.51502 -0.23213 -0.47425 -0.095394 0.24072 -0.051045 -0.3738 0.1017 -0.4001 0.40494 -0.64527 -0.62503 -0.012867 0.1741 1.0214 -0.010628 -0.14082 0.93211 0.78786 
-0.66328 -0.20277 0.053292 -0.84588 -0.88521 0.33978 0.091638 0.75493 -0.17271 -0.27334 -0.2191 1.1191 -2.9683 0.43467 0.14298 0.050389 0.17954 -0.29648 0.8697 0.082129 -0.21031 0.048515 1.0123 -0.82281 -0.13379 0.66666 -0.32843 -0.25909 0.19651 0.065407 0.43525 -0.032363 0.40109 -0.36795 0.051817 0.18117 0.19575 -0.18124 0.43646 -0.35335 -0.66418 -1.1492 -0.09182 0.5167 0.67065 0.73844 0.086122 -0.26979 0.40262 0.53409 
-0.70411 0.1064 0.6201 -0.045368 0.18448 -0.054439 0.39505 -0.48144 0.572 0.013335 0.45795 0.38938 -2.3863 -0.044818 1.4201 -0.23001 0.53612 0.51111 0.066158 -0.29123 -0.093971 -1.5755 -0.22469 -0.61612 0.102 0.010666 -1.2061 -0.4066 0.81462 0.11824 0.1688 -0.7585 0.11176 -1.0853 0.41924 -0.33877 0.58805 0.25092 1.0502 0.061167 -0.6774 0.36894 -0.49268 -0.3837 -0.02584 0.7576 -0.13438 -0.455 0.94397 0.85508 
-0.074305 0.13398 0.0020959 -1.0251 0.27042 -0.29155 0.92727 0.54498 0.57343 -0.23824 0.072524 -0.13197 -3.9228 0.0082122 0.74047 -0.60441 -0.16504 -0.42034 -0.64879 -0.095963 0.53397 -1.0084 -0.54339 -0.62196 0.44036 0.5082 -0.27745 -0.46235 0.056604 -0.40124 0.11877 -0.24516 0.64089 0.35173 0.53194 0.092732 -0.10403 0.40206 0.52305 -0.015501 -0.76274 0.53899 -0.37776 0.3614 0.047953 1.1621 0.46294 -0.30531 0.3818 0.73598 
-0.84414 0.23725 -0.43261 0.15689 0.041021 -0.37962 0.17003 0.28639 0.85525 -1.2645 -0.27501 0.79311 -2.765 0.12998 0.6581 -0.43686 0.27029 -0.3324 -0.26974 0.76015 -0.18339 0.17625 0.32381 0.84779 -0.91648 -1.562 -1.7762 0.072196 0.34035 -0.30486 -0.11724 0.68277 0.12565 -0.33656 0.0059161 -0.090496 0.49365 -0.15948 -0.022197 -0.52657 -1.2851 0.60715 0.055969 0.29165 1.0398 0.86204 0.24597 1.2096 -0.46042 0.26854 
-0.080639 -0.36407 -1.3531 -1.4696 -0.36608 -0.039205 0.53093 -0.26153 0.10514 -0.43962 -0.18465 -0.089164 -3.5508 -0.89346 -0.25897 1.2248 -0.70946 -0.60995 -1.2779 0.54011 0.96743 -0.60125 0.66154 -0.80275 0.33167 -0.046018 -0.56243 -0.40483 -0.099343 1.2532 -0.59429 -0.27016 0.47593 0.60255 1.3709 0.28179 0.12332 -0.35245 1.1752 -0.24707 -0.52656 0.19761 -0.23317 -0.42907 0.22751 0.75519 0.085287 0.33159 0.44554 0.026663 
-0.47899 -1.1658 0.47861 0.21434 0.57494 -0.11082 0.45422 -0.1972 0.28116 -0.52128 -0.30695 0.85687 -3.7147 0.36214 -0.28725 0.54142 0.063648 0.40222 0.27828 -0.18062 0.043398 -0.28076 -0.30972 -0.22281 0.34706 0.56235 -1.3258 0.24272 0.82731 0.33966 0.24026 0.47175 0.085397 -0.66278 -0.58378 -0.013886 0.088518 0.54525 0.56123 0.2374 -0.63602 0.067675 -0.76056 -0.067671 0.51354 0.86422 0.37806 -0.22218 0.21147 1.1552 
0.063726 -0.64169 -0.028275 -1.1106 0.39146 -0.22547 0.79908 -0.34043 -0.20728 -0.81447 -0.46358 0.25877 -3.0436 0.59624 1.3248 -0.49292 0.24734 0.55956 0.88733 -0.18044 0.96492 -1.0036 0.051323 -0.80677 0.25976 -0.10989 -0.014982 0.35167 0.35215 -0.22013 0.77071 -0.7634 0.055013 -0.22814 -0.31859 -0.47331 -0.32606 1.3028 0.74486 0.30981 -0.61658 -0.28452 -0.048835 0.54985 -0.012461 0.3331 0.37923 -0.47505 0.88667 1.0381 
-0.8753 -0.058986 -1.1434 -0.73333 -0.031597 -0.79389 0.46509 -0.42821 0.59725 -1.1715 1.2545 0.44022 -2.7504 -0.24996 1.5985 0.69085 0.5191 -0.12391 -0.12905 -0.17799 -0.077009 -0.33753 0.4369 -0.85371 -0.63177 0.64957 -1.2876 0.62423 0.11421 1.1512 -0.37057 -0.026801 0.65999 -0.63983 1.5819 0.0011286 -0.5831 0.76143 0.80668 -0.95108 -0.083393 1.4907 0.39008 -0.77927 -0.1172 -0.041907 -0.0927 0.42032 0.27153 0.2685 
-0.44227 -0.14202 0.24088 -0.35248 -0.43988 0.70295 -0.11771 -1.2948 0.079891 -0.03118 0.18208 0.13492 -4.6642 0.039325 0.52323 0.27929 0.66575 -0.16713 0.40286 -0.42029 -0.63714 -0.43734 0.67033 0.51777 1.16 0.28877 -0.68331 0.78319 -0.13097 0.048523 -0.052755 0.71684 -0.49304 -0.17326 0.64324 -0.95594 -0.26528 1.2657 0.50206 0.68067 -0.61821 -0.25655 -1.2372 -0.77315 0.32521 0.34741 0.29799 0.67384 0.059745 1.1883 
-1.94 -0.36458 0.73561 -0.047095 0.26062 -0.17963 0.53602 -1.0387 0.46487 0.022278 -0.30429 -0.31512 -1.8224 0.42388 0.44017 -0.015028 0.52536 0.89905 0.25054 -0.94146 0.6017 -0.65316 0.10199 -0.32213 0.85907 0.48935 -1.4067 1.2786 0.23727 -0.06594 0.034719 0.10638 0.48822 -0.99256 0.030349 -0.34813 0.92044 0.31357 0.72327 0.1737 0.32465 -0.96578 -0.3125 0.063822 -0.10492 1.0684 0.035189 0.92484 1.028 1.0573 
-0.77781 -0.025205 0.83345 0.66805 0.70979 -1.1022 2.0269 0.19337 0.38034 -0.72023 -0.73458 0.11293 -2.9535 0.87427 0.1314 0.94243 -0.46325 -0.12951 -0.74048 0.5738 -0.52241 -0.50607 -1.0961 -0.094459 0.34518 0.54877 -0.55572 0.34627 0.38921 -1.2699 0.41424 0.032996 0.026873 -0.73218 0.25096 -0.22092 0.34333 0.84765 0.77682 -0.82943 -0.97003 0.044179 0.14685 0.63602 0.72576 -0.1158 0.19694 -0.90436 0.060675 -0.44668 
-0.80796 0.056943 -0.90494 -1.0011 -0.49694 -0.62454 -0.69357 0.089878 0.31277 -0.33354 -0.16689 -0.67303 -2.7084 0.57616 0.22264 -0.57616 -0.34164 -1.2772 1.1666 -0.52137 0.4741 0.096684 0.003419 -0.51831 -0.51734 1.0354 -0.79415 0.66129 0.034912 -0.38215 0.22634 0.27817 0.80955 0.33834 -0.051192 -1.1962 -0.32578 -0.77627 0.25567 -0.70396 0.77057 -1.4335 0.24716 -0.14415 0.029482 0.98749 0.52311 1.5262 -0.14867 0.72994 
-0.29088 -0.50597 0.52533 0.10067 -0.29656 -0.2889 1.1624 -0.54666 0.53812 0.031878 1.0394 0.71109 -3.5652 -0.60656 -0.23611 0.38887 0.0068485 0.15694 -0.26725 -0.91638 -0.89938 -1.2291 0.16639 -0.24328 0.10573 0.60044 -1.0808 0.12345 -0.47568 0.57682 -0.44317 0.50104 0.58657 -0.67015 0.27437 0.59619 0.071158 0.59487 0.47048 0.30292 0.05157 1.4544 -0.74261 0.24839 0.64794 0.72002 0.15957 0.08253 0.19862 0.71361 
-0.95234 -1.0537 -0.027606 -0.0099784 -0.30508 -0.39475 -0.039485 -0.51751 0.69796 0.17191 -0.1656 0.97578 -1.9609 0.23339 -0.15535 -0.058371 -0.11743 -0.45929 0.46593 0.23837 -0.83075 -0.29061 0.22213 -0.71877 0.0047641 0.41581 -0.95163 -0.045298 0.0057084 -0.50659 0.42707 0.51007 0.97875 -1.0305 -0.49685 -0.3567 -0.032868 0.071753 0.075256 -0.17241 -0.90709 -0.85086 -0.52288 -0.55904 0.2101 0.5351 0.27293 0.46528 0.40212 -0.085213 
